P001 = -6.28693, -23.9008, 23.1509, -0.928345, 52.0367, -11.6373
P002 = -15.8478, 2.27142, 46.3705, -0.933838, 29.7455, -11.5659
P003 = -19.7836, 6.17432, 15.6171, -0.936584, 29.718, -11.5466